0.00472 34.56907
0.00584 261.94058
0.00755 252.50945
0.00975 242.88562
0.01023 539.37024
0.01260 232.35351
0.01627 222.27809
0.02102 212.17460
0.02715 198.50681
0.03507 190.66272
0.04530 180.54132
0.05852 171.86403
0.07559 159.97375
0.09765 156.16729
0.11217 94.77664
0.12613 147.28482
0.16292 135.52848
0.21042 122.54556
0.27182 120.54977
0.27474 75.25204
0.35045 115.18415
0.45788 98.56447
0.58238 95.92564
0.75656 85.46111
0.98101 78.97269
1.26231 75.78663
1.63055 71.80145
2.10646 71.95020
2.72122 71.51820
3.51497 67.05815
